-7.369717961809942874e-01
-3.359159948630063397e+00
-8.473700016831729798e+00
-3.423915886878076353e+00
-7.565857693443096554e-01
-7.369717961811316220e-01
-3.359159948631949888e+00
-8.473700016832269810e+00
-3.423915886876463421e+00
-7.565857693441827569e-01
7.350091017270065086e-01
3.369473324933691227e+00
8.552546966088797831e+00
3.423986169646370037e+00
7.572828920696029753e-01
7.350091017268872706e-01
3.369473324932089842e+00
8.552546966089284552e+00
3.423986169648209454e+00
7.572828920697445287e-01
5.556334564565202916e-01
8.573105313926914661e+00
3.202727564149268602e+01
8.145227635232858532e+00
5.285072652712478058e-01
-5.556334564560606593e-01
-8.573105313925555748e+00
-3.202727564149334682e+01
-8.145227635232844321e+00
-5.285072652710776087e-01
5.596187629797932939e-01
8.657325733613960850e+00
3.233074728175866852e+01
8.234710927760412247e+00
5.317639695910225672e-01
-5.596187629795811302e-01
-8.657325733613866703e+00
-3.233074728175937196e+01
-8.234710927759079979e+00
-5.317639695905593822e-01
-6.800879089567491320e+00
-2.344314579542906785e+01
5.789228786757522408e-03
2.315353253416980195e+01
6.741349429666933624e+00
-6.800879089567378522e+00
-2.344314579542760768e+01
5.789228787051741917e-03
2.315353253416850521e+01
6.741349429666826154e+00
-6.795796112081273321e+00
-2.340720175738845654e+01
2.099543882755683377e-03
2.310825832556032111e+01
6.862390367908671962e+00
-6.795796112081172957e+00
-2.340720175738713849e+01
2.099543882470402464e-03
2.310825832555894266e+01
6.862390367908567157e+00
2.006393560722400604e+00
5.903203317384938309e+00
4.465294942822995772e+00
5.896247679687247611e+00
2.052727891493215662e+00
2.006393560722519176e+00
5.903203317386412685e+00
4.465294942823311963e+00
5.896247679685862053e+00
2.052727891493105528e+00
2.041047537740940054e+00
5.922758499116204334e+00
4.456875114510475910e+00
5.887368380726462291e+00
2.078006945324613497e+00
2.041047537741015994e+00
5.922758499117492192e+00
4.456875114510216562e+00
5.887368380724993244e+00
2.078006945324503807e+00
1.082619652775495567e+01
2.458192781377106684e+01
-2.335462362953202486e+01
2.395925695993427595e+01
1.104651173305821388e+01
1.082619652775498587e+01
2.458192781377057656e+01
-2.335462362953191473e+01
2.395925695993420490e+01
1.104651173305820677e+01
1.089067011001565533e+01
2.385382842267083703e+01
-2.318841243255740281e+01
2.421609692300656747e+01
1.106897475906649220e+01
1.089067011001544749e+01
2.385382842267020820e+01
-2.318841243255723228e+01
2.421609692300677352e+01
1.106897475906650996e+01
-1.193111864411362244e-01
-1.941030444318572190e+00
-6.896003768634859199e+00
-1.330803900115745675e+00
-7.841324714359429460e-02
1.193111864411171147e-01
1.941030444318595727e+00
6.896003768634830777e+00
1.330803900115790750e+00
7.841324714359104719e-02
8.552427112765839667e-02
1.377223102560487078e+00
6.899316496794646092e+00
1.922047380463256516e+00
1.299444068195675928e-01
-8.552427112776957163e-02
-1.377223102560489076e+00
-6.899316496794591913e+00
-1.922047380463343558e+00
-1.299444068196051738e-01
-2.380904420927238530e+00
-3.231858078159250880e+01
2.082334242101053102e-03
3.203869184538027071e+01
2.491817061880033268e+00
2.380904420926959197e+00
3.231858078159381620e+01
-2.082334242821745271e-03
-3.203869184537971648e+01
-2.491817061880252204e+00
-2.343219958497994249e+00
-3.164396443450090857e+01
4.999296501859471636e-02
3.175742878717352013e+01
2.470484105617149151e+00
2.343219958495056154e+00
3.164396443450079488e+01
-4.999296501819824878e-02
-3.175742878717370488e+01
-2.470484105617551940e+00
2.117116130416277997e+00
9.386200387948271384e+00
2.687283254889094586e-02
-9.434381341829270795e+00
-2.148816326761910034e+00
2.117116130416229591e+00
9.386200387948022694e+00
2.687283254894269266e-02
-9.434381341829238821e+00
-2.148816326761857631e+00
-2.087059574564311237e+00
-9.449672200465055738e+00
2.939544381205688381e-02
9.382879369594084196e+00
2.122922838149774893e+00
-2.087059574564278819e+00
-9.449672200465329297e+00
2.939544381219773642e-02
9.382879369593878138e+00
2.122922838149715830e+00
