-1.266853585104439572e+00
-2.462173416811038074e+00
-4.711766933312276251e+00
-2.524336517418645620e+00
-1.241628097952096610e+00
-1.266853585104415369e+00
-2.462173416810863102e+00
-4.711766933312294015e+00
-2.524336517418819703e+00
-1.241628097952124810e+00
1.079617247853615680e+00
2.366225622567005971e+00
4.727601638310997778e+00
2.357655375180828017e+00
1.038765837738324649e+00
1.079617247853637663e+00
2.366225622567184939e+00
4.727601638311003995e+00
2.357655375180652602e+00
1.038765837738300002e+00
1.639027416242696988e+00
8.458490505944066484e+00
2.619980063479076904e+01
8.266108670747057019e+00
1.630747903375395769e+00
-1.639027416242419877e+00
-8.458490505943560223e+00
-2.619980063479081878e+01
-8.266108670747437159e+00
-1.630747903375661334e+00
1.468589908885002737e+00
8.358610609708886585e+00
2.587341863891249361e+01
8.286334885944773632e+00
1.290295748488222038e+00
-1.468589908885026718e+00
-8.358610609709234751e+00
-2.587341863891261440e+01
-8.286334885944210527e+00
-1.290295748488139660e+00
-8.500923392568335402e+00
-1.712640592873506407e+01
-6.471164746182509475e-01
1.510151766530915118e+01
8.013208120959699698e+00
-8.500923392568143555e+00
-1.712640592873366785e+01
-6.471164746179427496e-01
1.510151766530806228e+01
8.013208120959530945e+00
-8.110100812398798098e+00
-1.676972329234369496e+01
-5.820605819053342733e-01
1.513887525568456915e+01
7.350977872735398044e+00
-8.110100812398643555e+00
-1.676972329234252967e+01
-5.820605819055922892e-01
1.513887525568326531e+01
7.350977872735217744e+00
1.628717411819172511e+00
2.602023239391093146e+00
2.167751198691692860e+00
2.348986538946985281e+00
1.768329760055122213e+00
1.628717411819197380e+00
2.602023239391302756e+00
2.167751198691707959e+00
2.348986538946801872e+00
1.768329760055094235e+00
1.566093021500875482e+00
2.720280181192663793e+00
2.057672863332765445e+00
2.530444872562443770e+00
1.422077880921226445e+00
1.566093021500893245e+00
2.720280181192824553e+00
2.057672863332741464e+00
2.530444872562275460e+00
1.422077880921188031e+00
1.054777087922171042e+01
1.425535362566398767e+01
-2.460854884784767904e+01
1.305588547089840468e+01
1.091988043362719729e+01
1.054777087922238898e+01
1.425535362566986919e+01
-2.460854884784661323e+01
1.305588547089356943e+01
1.091988043362635352e+01
1.052053676815827998e+01
1.564761309527941968e+01
-2.545381522178541545e+01
1.448654435201372159e+01
1.030561472037606841e+01
1.052053676815872940e+01
1.564761309528386235e+01
-2.545381522178640665e+01
1.448654435200879931e+01
1.030561472037505233e+01
-3.023099072392575470e-01
-1.722408334284317721e+00
-5.642192790907889943e+00
-1.548394061816685374e+00
-2.603153404195969745e-01
3.023099072390978415e-01
1.722408334284254883e+00
5.642192790908008959e+00
1.548394061816584344e+00
2.603153404197625642e-01
2.430134238049447282e-01
1.579608016922947833e+00
5.622800573328341933e+00
1.662083264772335589e+00
2.640482871401807485e-01
-2.430134238051540052e-01
-1.579608016922949831e+00
-5.622800573328147422e+00
-1.662083264772622915e+00
-2.640482871400340881e-01
-4.113933476133513345e+00
-2.851444803981942755e+01
2.038567225850196341e-01
2.727788546109752943e+01
4.420037411270914873e+00
4.113933476129761679e+00
2.851444803982193577e+01
-2.038567225859414245e-01
-2.727788546110123491e+01
-4.420037411262313753e+00
-3.506267095942970258e+00
-2.794824173084542451e+01
-3.896515428518894653e-01
2.825539147406573903e+01
3.996599426465090144e+00
3.506267095936684175e+00
2.794824173084716890e+01
3.896515428530769043e-01
-2.825539147407176088e+01
-3.996599426455762938e+00
2.731938685239586384e+00
6.874277421438657498e+00
-1.849989967958883333e-02
-7.044816585721304314e+00
-2.879348341795207045e+00
2.731938685239918563e+00
6.874277421439974667e+00
-1.849989967909263650e-02
-7.044816585722823987e+00
-2.879348341795564092e+00
-2.666062243916638153e+00
-6.959858959045357452e+00
-4.326041927158363193e-02
6.821453312525727952e+00
2.539488365456157748e+00
-2.666062243916548891e+00
-6.959858959043957682e+00
-4.326041927177152330e-02
6.821453312523837020e+00
2.539488365456018304e+00
